2360
2311
1470
2797
2798
1471
1472
1473
2800
1474
1475
1476
1477
2104
1478
1479
1480
2228
2092
4552
2722
1481
2516
2582
2434
2517
4527
4263
2435
2436
1482
2183
1483
2116
4264
1484
2518
2312
2437
2801
2210
2117
2257
2361
4170
4171
2184
2583
2258
2229
2230
2118
2661
4172
2185
1485
4173
2584
2662
2362
2211
4492
1486
2212
4174
2186
1487
2119
4175
4176
2313
2519
4177
2363
4178
2259
2120
4553
2438
2364
1489
1490
4206
2439
1491
2260
2723
2440
2520
2441
2261
4528
1492
2585
4554
4265
4489
2314
2442
2121
2724
2187
2315
2443
2316
2122
2317
2262
2586
2213
2214
1493
1494
4445
4533
2663
2444
1495
4266
4534
4555
2587
2188
1496
4179
4267
4180
4181
4268
4182
4183
4184
2318
2826
4269
2365
4270
2664
4271
2189
4536
2660
2665
1497
4537
2666
2588
4551
4272
4556
2263
4273
4274
2264
4275
2667
4276
4277
2190
4588
4589
2123
2521
4526
2366
2367
2668
2669
4223
2445
4490
2670
4463
1498
2522
2589
2725
2671
1500
2109
1499
1488
1501
1502
1503
1506
1505
1504
1507
1508
2093
4278
1512
1510
1535
1534
1511
1509
1513
4465
4466
4467
4279
1514
1515
1531
4280
1530
4472
1532
1547
1548
1522
1523
4281
1524
1516
1517
1533
1518
1540
1537
1538
1536
1539
1519
1541
1525
4282
1526
4283
1542
4471
4284
1520
1527
1528
1521
1543
1529
1544
4285
1545
1546
1549
2523
2726
1550
2672
2115
2319
2590
2124
2524
2525
2265
1551
1552
2526
2591
2368
2673
2215
2446
2125
2447
2320
1553
4185
2727
2216
4506
1554
1555
1556
1557
1558
1559
1560
1561
1562
1563
4286
4443
2448
1564
1565
1881
1882
1879
1883
1880
1885
1884
2863
4550
2674
1566
1567
1568
4186
1569
1570
1571
4442
1572
4287
1573
1574
1575
1576
4508
4288
1577
1578
1579
4289
4586
4187
4290
2369
2449
2592
2675
2676
2593
2594
2527
2231
4497
2851
2450
2126
2728
2451
2127
2452
2128
2729
2453
2129
2730
2454
2130
2731
2455
2131
2732
2595
1580
4188
2370
1581
1583
2103
1584
1585
1586
1587
1588
1589
1590
1591
1592
1593
1594
1595
1596
1597
1598
1599
1600
1601
1602
1603
1604
1605
1606
1607
1608
1609
1610
1611
1612
1613
1614
1615
1616
1617
1618
1619
1620
1621
1622
1623
1624
1625
1626
1627
1628
1629
1630
1631
1632
1633
1634
1635
1636
1637
1638
1639
1640
1641
1642
1643
1644
1645
1646
1647
1648
1649
1650
1651
1652
1653
1654
1655
1656
1657
1658
1659
1660
4458
1661
1662
1663
1664
1665
1666
1667
1668
1669
1670
1671
1672
1673
1674
1675
1676
1677
1678
1679
1680
1681
1682
1683
1684
1685
1686
1687
1688
1689
1690
2090
1691
1692
1693
1694
1695
1696
1697
1698
1699
1700
1701
4474
2456
2094
4475
2457
2596
2191
2266
2528
2321
4293
4294
2677
4493
2648
2132
4295
2348
2232
2733
1702
2267
1703
2133
2529
2530
2371
1704
2734
2678
1705
2854
2322
1706
2134
4296
2531
2135
1707
2323
2268
2324
2458
4189
2679
4557
2532
2459
2460
4297
4476
2680
2735
2269
2233
2533
1708
2534
2136
2769
2137
2192
2372
2138
4190
2461
4191
2535
2462
2681
1709
1710
1711
1712
1713
1714
1715
1716
1717
1718
1719
1720
1721
1722
1723
1724
1725
1726
1858
1727
1728
1729
1730
1731
1732
1733
1734
1859
1735
1736
1737
1738
1739
1740
1741
1742
1743
1744
1745
1746
1747
1748
1749
1750
1751
1752
4299
1753
1754
4300
1755
1862
1756
1757
1758
1759
1760
1761
1762
1763
1863
1764
1765
1766
1767
1768
1769
1770
1771
1772
1773
1774
1775
1776
1777
1778
1779
1780
1781
1782
4301
1783
1784
4302
1785
1865
1786
4303
1787
1788
1789
1790
1791
1792
1793
1794
1866
1795
4304
1796
1797
1798
1799
1800
1801
1802
1803
1804
1805
1806
1807
1808
4305
1809
1810
1811
1812
4306
1813
1814
4307
1815
1816
1868
1817
1818
1819
1820
1821
1869
1822
1823
4548
1824
1825
1826
1827
1828
1829
1830
1831
1832
1833
1834
4308
1835
1836
1837
4309
1838
1839
4310
1840
1871
1841
4311
1842
1843
1844
1845
1846
1847
1848
1872
1849
1850
4312
1851
1852
1853
1854
1855
1856
1857
1860
1861
1864
1867
1870
1873
1874
1875
1876
1877
1878
1886
2463
2597
2682
2464
2536
1887
4561
2270
2683
2598
4439
4440
4562
4192
2599
4193
4313
4314
4315
4316
1888
4558
2139
2736
2737
2217
2600
4194
2271
2738
2773
2465
1889
2466
2467
2140
2684
2234
2325
2601
4559
2537
2602
2373
2792
2272
2603
2218
4195
4511
2326
2604
2374
2273
2274
2538
2605
2219
2685
2880
2739
2141
2235
2275
1890
1891
1892
1893
1894
1895
1896
1897
1898
1899
1900
1901
1902
1903
1904
1905
1906
1907
2089
2088
1908
1909
1910
1911
1912
1913
1914
1915
1916
1917
1918
2606
2220
2468
2375
2142
4196
2607
4234
1919
2377
2884
2469
2539
1920
2470
2143
4318
2608
4540
2471
2686
2236
4564
2237
4563
2540
2472
1921
2193
4319
4464
1922
2091
1923
4566
1924
4454
1925
1926
2238
4455
2105
1927
4197
1928
1929
4198
1930
1931
4320
1932
4321
1933
2687
4247
4322
2276
1934
2239
2144
4323
2473
1935
1936
4565
4324
2240
4538
4325
4503
2378
1937
2541
2609
2221
4567
2327
1938
2920
2379
2145
4507
2740
1939
4326
2277
2328
2222
4327
2278
2741
2194
2474
2146
2475
4501
2610
2542
4568
2543
1940
2476
2930
2279
4328
2147
2380
2381
2223
1941
2329
2544
1942
2330
2331
2148
2477
1943
4569
2742
2688
4591
2611
2689
4329
2332
2934
2241
2242
2545
2690
2333
2382
4330
2691
1944
2546
2478
2479
2383
2612
2547
2334
2613
2384
2335
2614
1945
2615
2743
2548
1946
2616
2224
2549
2480
2481
2550
2617
4570
2149
2482
2692
2385
4331
2618
2551
4332
2281
2552
1947
2693
2619
2150
2336
2243
2337
2620
4479
2386
4333
2483
2244
1948
2387
4571
2151
2388
1949
2389
2390
2338
2940
2694
4572
2941
1950
2553
2554
2555
1951
2195
2695
2152
1952
2556
2557
2696
2621
2282
2339
2484
2153
2622
2697
2775
2558
2196
2391
2623
2698
4457
4549
4334
4335
2969
4336
4337
4338
4339
4340
4341
4342
4343
4344
2948
2197
2283
2972
4345
2392
2624
2744
1953
2745
1954
2559
1955
2779
2393
4346
2746
2625
2747
4347
1956
2560
2561
4546
2154
2245
2394
1957
1958
4199
1959
2155
4480
2626
2699
2156
2700
2284
4348
2395
2485
2486
2157
2198
2748
2396
2487
2562
2488
2199
2749
2340
1961
2627
2158
2309
2628
2489
2246
2490
2397
2563
2491
2247
2398
2399
2701
2159
1962
2564
2750
1963
1964
1965
2400
2751
2285
2160
2161
2401
2629
2402
2200
2341
2752
1966
2403
2702
1967
2630
2248
2565
1968
2631
2342
4349
4350
4351
4352
4353
4354
4355
4356
4357
4358
4359
4360
4361
4362
4363
4364
2286
2201
2492
2703
2287
2404
1969
4541
2493
2632
2162
2343
2163
1970
2494
2633
1971
2344
2495
2753
2345
2634
4560
4535
4574
4573
2249
2346
1972
1973
2288
2496
4365
4366
2289
1974
4525
4494
2704
4200
2164
2165
4201
2290
4367
2166
2705
2405
4202
2347
2167
2566
4368
4369
4370
4448
4371
1975
4372
4373
4543
4374
4375
4376
2999
4377
4378
4452
4453
4379
2106
4380
4381
2107
2967
4444
4382
4383
4384
4385
4386
4468
4469
4387
4388
4389
2635
2406
4390
2771
2567
2291
2202
2096
4487
1976
4539
1977
4391
2226
2706
2568
4392
2636
4393
2497
2637
2292
2638
1978
4394
4496
4495
2754
2407
1979
2569
1980
2570
2639
2168
2640
2293
2250
2498
2499
2707
2500
2408
2571
4203
4395
3009
2755
1981
1982
1983
1984
1985
1986
1987
1988
1989
1990
4396
4397
1991
4545
1992
1993
1994
1995
1996
1997
1998
1999
2000
2001
2002
2003
2004
2005
2006
2007
2008
2009
2010
2011
2012
4398
2013
2014
2015
2501
2169
4577
4575
4486
2409
4587
3014
3015
3016
4576
2708
2203
2410
2411
2641
2642
2294
2643
2709
2170
2644
2204
2295
2756
2171
2645
2646
2412
2502
4399
2172
2016
2296
2757
4578
2503
2504
2017
2572
2297
4400
2018
2019
2020
2021
2022
2023
2097
2024
4204
2026
2027
2028
2029
2030
2031
4401
2032
2033
2034
2035
2036
2100
2037
2038
2039
2040
2041
4402
2042
2043
2044
4403
2045
2046
2047
2048
2049
2050
2051
2052
2053
2054
2055
2056
2057
2058
2059
2113
2060
2061
2062
2063
2064
2065
2066
2112
2067
2068
2102
2101
2069
2070
2071
4404
2173
2251
2758
2413
2505
2759
2506
4405
3031
2507
2573
4406
2710
2760
2761
2072
4579
3033
4542
2508
2252
2174
2509
2073
2414
2574
2415
2510
2712
2349
2647
2762
2778
2416
2074
4408
4409
2575
2099
4410
2576
2350
4411
4412
2205
2417
2511
2175
2086
2649
2418
2512
2419
2253
2351
2650
4413
2420
2298
2299
2651
2075
2763
2254
2421
2076
2581
2300
2301
2422
2423
2424
2302
4414
2652
2077
2303
2087
2653
2352
4441
2304
4580
2764
2713
4491
2425
2078
2714
4415
2305
2654
2206
2176
4581
2765
2207
2177
2208
2079
2655
2577
2225
2353
2766
2354
3042
2711
2578
2767
4582
2426
2306
2513
2355
2433
2656
2427
4418
2785
2715
4419
2178
4510
4421
2514
3043
3044
4422
2768
2579
2716
2080
2356
2357
4424
3045
4425
4426
2717
2179
4583
4584
4585
2081
2515
2082
2227
2718
2428
2083
3049
2255
4430
2084
2719
2429
2209
2256
2430
2720
2580
4434
2310
2795
2657
4435
2180
2431
2721
2307
2658
2181
2182
2085
4216
2659
2308
2774
2432
