124104
124105
124106
124107
124108
124109
124110
124111
136675
136676
136677
136680
588299
588660
588661
588662
588663
588664
588665
588666
588667
588668
588669
588670
588671
588672
588674
588675
588676
588677
588678
588679
588680
588681
588682
588683
588684
588685
588686
588687
588688
588689
588690
588691
588692
588693
588694
588695
588696
588697
588698
588699
637884
638350
638351
638352
649449
649451
649452
670801
670802
670803
670804
670805
670806
670807
670808
670809
670810
670811
670812
670813
670814
670826
670827
672023
672024
672025
672026
672027
672028
672029
672030
672031
672032
672140
672141
672449
672459
675415
675706
675707
677729
677892
690694
690695
690696
690697
690698
690699
690700
690701
692543
693391
702263
702536
702537
702603
703834
703835
703836