123591
123592
123593
123594
123595
123596
123597
123598
123599
123600
123601
123602
123603
123604
123605
123606
123607
123608
123609
123610
123611
123612
123613
123614
123615
123616
123617
123618
123619
123620
123621
123622
123623
123624
123625
123626
123627
123628
123629
123630
123631
123632
123633
123634
123635
123636
123637
123638
123639
123640
123641
123642
123643
123644
123645
123646
123647
123648
123649
123650
123651
123652
123653
123654
123655
123656
123657
123658
123659
123660
123661
123662
123663
123664
123665
123666
123667
123668
123669
123670
123671
123672
123673
123674
123675
123676
123677
123678
123679
123680
123681
123682
123683
123684
123685
123686
123687
123688
123689
123690
123691
123692
123693
123694
123695
123696
123697
123698
123699
123700
123701
123702
123703
123704
123705
123706
123707
123708
123709
123710
123711
123712
123713
123714
123715
123716
123717
123718
123719
123720
123721
123722
123723
123724
123725
123726
123727
123728
123729
123730
123731
123732
123734
123735
123736
123737
123738
123739
123740
123741
123742
123744
123745
123746
123747
123749
123750
123752
123753
123754
123755
123756
123757
123758
123759
123760
123762
123763
123764
123765
123766
123767
123770
123774
123775
123777
123778
123779
123780
123781
123782
123783
123784
123785
123786
123787
123788
123789
123790
123791
123792
123793
123794
123795
123796
123797
123798
123799
123800
123801
123802
123803
123804
123805
123806
123807
123808
123809
123810
123811
123812
123813
123814
123815
123816
123817
123818
123819
123821
123822
123823
123824
123825
123826
123827
123828
123829
123830
123831
123832
123833
123834
123835
123836
123837
123838
123839
123840
123841
123842
123843
123844
123845
123846
123847
123848
123849
123850
123851
123852
123853
123854
123855
123856
123857
123858
123859
123860
123861
123862
123863
123864
123865
123866
123867
123868
123869
123870
123871
123872
123873
123874
123875
123876
123877
123878
123879
123880
123881
123882
123883
123884
123885
123886
123887
123888
123889
123890
123891
123892
123893
123894
123895
123896
123897
123898
123899
123900
123901
123902
123903
123904
123905
123906
123907
123908
123909
123910
123911
123912
123913
123914
123915
123916
123917
123918
123920
123921
123922
123923
123924
123925
123926
123927
123928
123929
123930
123931
123932
123933
123934
123935
123936
123937
123938
123939
123940
123941
123942
123943
123944
123945
123946
123947
123948
123949
123950
123951
123952
123953
123954
123955
123956
123957
123958
123959
123960
123961
123962
123963
123964
123965
123966
123967
123968
123969
123970
123971
123972
123973
123974
123975
123976
123977
123978
123979
123980
123981
123982
123983
123984
123985
123986
123987
123988
123989
123990
123991
123992
123993
123994
123995
123996
123997
123998
123999
124000
124001
124002
124003
124005
124006
124007
124008
124009
124010
124011
124012
124013
124014
124015
124016
124017
124018
124019
124020
124021
124022
124023
124024
124025
124026
124027
124028
124029
124030
124031
124032
124033
124034
124035
124036
124037
124038
124039
124040
124041
124042
124043
124044
124045
124046
124047
124048
124049
124050
124051
124052
124053
124054
124055
124056
124057
124058
124059
124060
124061
124062
124063
124064
124065
124066
124067
124068
124069
124070
124071
124072
124073
124074
124075
124076
124077
124078
124079
124080
124081
124082
124083
124084
124085
124086
124087
124088
124089
124090
124091
124092
124093
124094
124095
124096
124097
124098
124099
124100
124101
124102
124103
588308
588309
588716
588729
588733
589026
589057
589069
599679
601861
604043
620437
637892
638296
638308
641834
649450
651162
653927
656252
662398
664930
666487
666639
666647
666846
666847
666893
669030
669163
669907
670659
671867
672072
672452
672485
672486
672573
672574
672993
673018
673021
673031
673035
673084
673643
673703
674218
674352
674494
674508
674599
674721
674790
674961
674988
675559
675683
675783
675815
676377
676545
676971
678936
680241
680956
680970
682632
683940
687359
689850
690740
690764
691025
691366
691953
691955
691957
691961
693397
693447
693486
693504
693507
693510
693516
693548
693551
693560
693562
693565
693577
693578
693585
693590
693601
693615
693636
693642
693647
693648
693659
693660
693666
693669
693680
693689
693724
693727
693732
693736
693740
693748
693768
693771
693792
693859
693946
694888
695071
695120
695128
695170
695231
695279
695712
695901
695960
696057
696069
696077
696090
696103
696158
696221
696226
696244
696260
696271
696351
696381
696405
696411
696439
696457
696485
696486
696538
696548
696560
696570
696581
696585
696621
697528
697759
697802
697849
697865
697904
697918
697927
697939
697990
698165
698177
698191
698216
698356
698647
698701
698765
698806
698931
698934
699064
699072
699079
699081
699082
699091
699102
699105
699131
699139
699152
699214
699252
699262
699263
699349
699360
699372
699387
699431
699443
699456
699459
699463
699474
699507
699521
699525
699542
699578
700992
700993
700994
700999
701002
701008
701044
701050
701081
701096
701107
701188
701209
701224
701262
701328
701335
701370
701383
701386
701493
701515
701546
701563
701618
701637
701771
701804
701833
701835
701871
701879
701887
701895
701917
701937
701971
701991
702005
702061
702113
702186
702189
702208
702211
702226
702228
702358
702359
702383
702451
702468
702501
702510
702518
702547
702575
702589
702611
702612
702624
703087
703301
703559
703575